94  216
94  236
95  210
95  236
95  240
96  206
96  235
96  242
97  203
97  235
97  244
98  200
98  234
98  247
99  196
99  233
99  248
100  193
100  233
100  250
101  189
101  232
101  251
102  186
102  231
102  251
103  184
103  230
103  252
104  178
104  229
104  252
105  176
105  229
105  253
106  171
106  228
106  254
107  168
107  228
107  254
108  165
108  205
108  208
108  227
108  254
109  163
109  203
109  210
109  227
109  254
110  161
110  202
110  211
110  226
110  254
111  159
111  200
111  211
111  226
111  254
112  157
112  199
112  211
112  225
112  254
113  156
113  198
113  210
113  225
113  254
114  155
114  197
114  210
114  224
114  238
114  241
114  254
115  153
115  197
115  209
115  224
115  237
115  242
115  254
116  152
116  196
116  208
116  223
116  237
116  242
116  254
117  151
117  195
117  208
117  222
117  236
117  242
117  254
118  150
118  194
118  207
118  222
118  235
118  242
118  254
119  149
119  194
119  206
119  221
119  235
119  242
119  254
120  148
120  174
120  177
120  193
120  205
120  221
120  234
120  242
120  254
121  147
121  172
121  179
121  192
121  204
121  220
121  234
121  242
121  254
122  147
122  170
122  181
122  191
122  204
122  219
122  233
122  242
122  254
123  147
123  169
123  183
123  190
123  203
123  218
123  219
123  232
123  242
123  254
124  147
124  167
124  185
124  189
124  203
124  218
124  232
124  242
124  254
125  146
125  166
125  202
125  217
125  231
125  241
125  254
126  145
126  165
126  201
126  217
126  230
126  241
126  254
127  145
127  165
127  201
127  216
127  229
127  241
127  254
128  144
128  165
128  201
128  216
128  229
128  240
128  254
129  131
129  140
129  144
129  165
129  201
129  215
129  228
129  240
129  254
130  126
130  142
130  144
130  165
130  201
130  214
130  226
130  240
130  254
131  125
131  143
131  165
131  201
131  214
131  224
131  239
131  254
132  123
132  143
132  165
132  202
132  213
132  222
132  239
132  254
133  123
133  144
133  166
133  203
133  213
133  220
133  238
133  253
134  121
134  145
134  166
134  204
134  212
134  218
134  238
134  253
135  119
135  145
135  166
135  208
135  212
135  237
135  253
136  117
136  145
136  167
136  237
136  253
137  116
137  146
137  168
137  236
137  252
138  114
138  146
138  168
138  235
138  252
139  113
139  146
139  169
139  234
139  252
140  112
140  146
140  170
140  233
140  251
141  111
141  146
141  170
141  232
141  251
142  110
142  146
142  171
142  230
142  250
143  108
143  147
143  171
143  228
143  250
144  107
144  147
144  172
144  227
144  250
145  106
145  147
145  173
145  226
145  250
146  105
146  148
146  173
146  224
146  248
147  105
147  148
147  174
147  223
147  247
148  104
148  148
148  175
148  222
148  246
149  103
149  148
149  176
149  221
149  244
150  102
150  149
150  177
150  220
150  243
150  244
151  101
151  149
151  178
151  219
151  241
151  250
152  100
152  150
152  178
152  209
152  211
152  218
152  239
152  252
153  100
153  150
153  179
153  207
153  212
153  217
153  237
153  252
154  99
154  151
154  179
154  206
154  235
154  253
155  98
155  152
155  180
155  205
155  233
155  254
156  97
156  153
156  181
156  204
156  231
156  254
157  97
157  121
157  125
157  154
157  181
157  203
157  230
158  96
158  119
158  126
158  156
158  182
158  203
158  229
159  95
159  118
159  126
159  157
159  182
159  203
159  228
160  94
160  117
160  127
160  158
160  183
160  202
160  226
161  94
161  116
161  128
161  160
161  183
161  202
161  225
162  93
162  115
162  128
162  161
162  183
162  202
162  224
163  92
163  114
163  129
163  163
163  184
163  202
163  223
164  92
164  113
164  130
164  164
164  184
164  201
164  222
165  91
165  112
165  131
165  165
165  185
165  201
165  221
166  90
166  111
166  132
166  167
166  185
166  201
166  220
167  90
167  110
167  133
167  168
167  185
167  201
167  219
168  89
168  109
168  134
168  169
168  185
168  201
168  218
169  89
169  109
169  136
169  170
169  171
169  185
169  201
169  213
169  238
169  240
170  88
170  108
170  137
170  172
170  185
170  202
170  209
170  210
170  237
170  241
171  87
171  108
171  138
171  173
171  185
171  202
171  207
171  236
171  241
172  87
172  108
172  140
172  175
172  185
172  202
172  204
172  235
172  241
173  86
173  110
173  142
173  176
173  185
173  202
173  234
173  241
174  86
174  115
174  144
174  177
174  185
174  203
174  233
174  241
175  86
175  120
175  146
175  179
175  184
175  203
175  232
175  241
176  86
176  124
176  148
176  180
176  184
176  204
176  231
176  240
177  86
177  125
177  152
177  182
177  183
177  205
177  229
177  240
178  86
178  128
178  155
178  181
178  205
178  228
178  240
179  86
179  130
179  158
179  178
179  206
179  227
179  240
180  86
180  133
180  166
180  175
180  207
180  226
180  240
181  86
181  135
181  209
181  224
181  240
182  86
182  137
182  210
182  222
182  240
183  86
183  139
183  212
183  218
183  240
184  86
184  141
184  240
185  86
185  143
185  240
186  87
186  146
186  240
187  88
187  149
187  239
188  89
188  151
188  231
189  89
189  153
189  230
190  90
190  155
190  229
191  88
191  92
191  158
191  228
192  86
192  96
192  161
192  228
193  82
193  99
193  164
193  229
194  81
194  124
194  127
194  166
194  230
194  254
195  80
195  125
195  130
195  168
195  229
195  232
195  253
196  77
196  128
196  133
196  169
196  227
196  234
196  252
196  253
197  76
197  130
197  135
197  170
197  205
197  218
197  225
197  236
197  252
197  253
198  75
198  133
198  136
198  170
198  197
198  201
198  204
198  220
198  223
198  238
198  252
198  253
199  74
199  135
199  141
199  171
199  196
199  203
199  222
199  240
199  253
200  73
200  136
200  144
200  171
200  195
200  203
200  224
200  242
200  254
201  73
201  138
201  147
201  172
201  194
201  202
201  206
201  225
202  72
202  139
202  148
202  172
202  194
202  201
202  206
202  210
202  222
202  227
203  71
203  141
203  150
203  172
203  194
203  201
203  203
203  205
203  207
203  210
203  224
203  228
204  71
204  142
204  153
204  172
204  194
204  202
204  206
204  211
204  225
204  230
205  71
205  151
205  158
205  172
205  194
205  202
205  204
205  208
205  210
205  213
205  221
205  226
205  232
206  71
206  155
206  162
206  172
206  192
206  194
206  202
206  203
206  212
206  223
206  227
206  233
207  70
207  172
207  191
207  195
207  200
207  203
207  206
207  209
207  211
207  224
207  229
207  235
208  70
208  172
208  189
208  203
208  205
208  210
208  213
208  225
208  230
208  235
208  245
209  70
209  172
209  187
209  199
209  201
209  203
209  210
209  213
209  227
210  70
210  171
210  186
210  192
210  200
210  202
210  208
210  211
210  213
210  228
211  70
211  171
211  185
211  191
211  199
211  201
211  207
211  209
211  214
211  227
211  229
211  238
211  240
212  70
212  170
212  184
212  190
212  198
212  200
212  207
212  208
212  215
212  226
212  227
212  231
212  238
212  245
213  69
213  169
213  183
213  189
213  196
213  199
213  216
213  226
213  229
214  69
214  168
214  182
214  189
214  195
214  197
214  217
214  224
214  230
214  249
215  69
215  167
215  181
215  188
215  193
215  196
215  235
215  241
215  249
216  69
216  166
216  181
216  188
216  192
216  195
216  235
216  242
216  249
217  69
217  85
217  93
217  165
217  168
217  180
217  187
217  191
217  193
217  234
217  243
217  250
218  68
218  84
218  95
218  164
218  167
218  169
218  170
218  179
218  180
218  187
218  190
218  192
218  234
218  244
218  250
219  68
219  83
219  101
219  162
219  166
219  168
219  172
219  177
219  180
219  186
219  189
219  191
219  233
219  244
219  250
220  68
220  82
220  103
220  159
220  165
220  167
220  174
220  176
220  178
220  186
220  188
220  190
220  233
220  244
220  247
220  251
221  68
221  82
221  108
221  118
221  130
221  157
221  164
221  166
221  175
221  178
221  185
221  188
221  189
221  233
221  244
221  249
221  251
222  68
222  82
222  131
222  155
222  162
222  165
222  174
222  175
222  177
222  184
222  187
222  189
222  233
222  244
222  251
223  68
223  82
223  132
223  153
223  160
223  163
223  173
223  184
223  186
223  188
223  233
223  244
223  251
224  68
224  82
224  132
224  151
224  159
224  161
224  173
224  184
224  186
224  188
224  233
224  244
224  251
225  67
225  82
225  133
225  150
225  158
225  161
225  172
225  183
225  186
225  188
225  233
225  244
225  247
225  249
225  251
226  67
226  82
226  134
226  149
226  158
226  159
226  172
226  183
226  185
226  187
226  232
226  245
226  246
226  249
226  250
226  252
227  67
227  82
227  135
227  148
227  156
227  159
227  171
227  182
227  185
227  186
227  232
227  245
227  246
227  252
228  67
228  83
228  135
228  146
228  156
228  158
228  170
228  182
228  184
228  186
228  232
228  245
228  246
228  252
229  67
229  84
229  136
229  145
229  155
229  157
229  169
229  182
229  184
229  186
229  232
229  244
229  246
229  252
230  67
230  90
230  138
230  142
230  154
230  156
230  169
230  181
230  184
230  185
230  232
230  244
230  246
230  252
231  67
231  94
231  142
231  153
231  155
231  168
231  181
231  184
231  185
231  232
231  244
231  246
231  252
232  67
232  97
232  143
232  153
232  154
232  167
232  180
232  184
232  185
232  232
232  243
232  246
232  252
233  66
233  99
233  144
233  153
233  154
233  166
233  180
233  183
233  185
233  231
233  243
233  246
233  252
234  66
234  101
234  145
234  152
234  153
234  166
234  179
234  183
234  184
234  231
234  243
234  246
234  252
235  66
235  103
235  145
235  150
235  153
235  165
235  178
235  182
235  184
235  231
235  242
235  245
235  252
236  66
236  104
236  146
236  150
236  151
236  164
236  178
236  182
236  183
236  184
236  231
236  242
236  245
236  252
237  66
237  105
237  147
237  150
237  151
237  164
237  177
237  181
237  183
237  184
237  231
237  242
237  245
237  252
238  66
238  106
238  148
238  149
238  151
238  163
238  177
238  181
238  182
238  184
238  230
238  241
238  244
238  252
239  66
239  107
239  148
239  151
239  162
239  176
239  180
239  182
239  184
239  185
239  230
239  241
239  244
239  252
240  66
240  108
240  151
240  162
240  165
240  176
240  179
240  181
240  183
240  186
240  231
240  239
240  240
240  244
240  252
241  66
241  109
241  152
241  162
241  163
241  166
241  175
241  179
241  180
241  183
241  187
241  234
241  239
241  240
241  243
241  252
242  66
242  110
242  154
242  161
242  174
242  178
242  180
242  184
242  188
242  236
242  238
242  240
242  243
242  252
242  253
243  65
243  111
243  155
243  161
243  173
243  177
243  179
243  184
243  189
243  240
243  243
243  248
243  253
244  65
244  111
244  157
244  160
244  172
244  176
244  178
244  184
244  189
244  240
244  243
244  245
244  253
245  65
245  111
245  158
245  159
245  171
245  175
245  177
245  184
245  190
245  240
245  243
245  245
245  253
246  66
246  111
246  159
246  164
246  170
246  175
246  176
246  185
246  190
246  240
246  243
246  244
246  253
247  66
247  112
247  158
247  164
247  169
247  174
247  176
247  185
247  190
247  240
247  243
247  244
247  253
248  66
248  112
248  158
248  164
248  169
248  173
248  175
248  185
248  191
248  240
248  243
248  253
249  67
249  112
249  158
249  164
249  168
249  172
249  174
249  185
249  192
249  240
249  243
249  252
250  67
250  113
250  158
250  159
250  163
250  168
250  171
250  173
250  186
250  193
250  240
250  243
250  252
251  68
251  113
251  158
251  167
251  170
251  172
251  186
251  193
251  238
251  240
251  242
251  252
252  68
252  113
252  159
252  166
252  169
252  171
252  186
252  188
252  193
252  235
252  242
252  252
253  69
253  113
253  159
253  166
253  168
253  170
253  187
253  188
253  194
253  232
253  243
253  252
254  69
254  114
254  159
254  162
254  165
254  168
254  169
254  187
254  188
254  195
254  230
254  243
254  252
255  72
255  114
255  159
255  162
255  164
255  166
255  169
255  187
255  188
255  196
255  229
255  243
255  252
256  72
256  115
256  159
256  163
256  166
256  167
256  170
256  177
256  187
256  189
256  196
256  227
256  244
256  253
257  74
257  116
257  158
257  163
257  165
257  168
257  181
257  187
257  189
257  194
257  226
257  244
257  253
258  78
258  117
258  158
258  162
258  165
258  167
258  185
258  186
258  187
258  190
258  194
258  225
258  245
258  253
259  77
259  79
259  118
259  157
259  161
259  164
259  166
259  185
259  186
259  188
259  190
259  195
259  224
259  242
259  245
259  248
259  253
260  75
260  80
260  119
260  156
260  161
260  163
260  165
260  174
260  179
260  188
260  191
260  195
260  223
260  240
260  245
260  248
260  253
261  73
261  82
261  120
261  127
261  138
261  156
261  161
261  163
261  165
261  172
261  181
261  189
261  191
261  196
261  223
261  239
261  245
261  247
261  249
261  253
262  72
262  83
262  140
262  155
262  161
262  163
262  164
262  171
262  183
262  190
262  192
262  196
262  222
262  238
262  245
262  247
262  250
262  254
263  70
263  85
263  142
263  155
263  157
263  161
263  163
263  170
263  185
263  190
263  196
263  199
263  204
263  220
263  238
263  245
263  247
263  250
263  254
264  70
264  87
264  143
264  155
264  157
264  161
264  163
264  169
264  187
264  190
264  196
264  197
264  205
264  219
264  238
264  245
264  247
264  251
264  254
265  70
265  88
265  144
265  155
265  157
265  160
265  164
265  169
265  188
265  191
265  206
265  218
265  238
265  245
265  247
265  251
266  70
266  90
266  145
266  155
266  160
266  162
266  168
266  188
266  191
266  207
266  217
266  239
266  245
266  247
266  249
267  69
267  91
267  145
267  155
267  160
267  162
267  168
267  189
267  191
267  208
267  216
267  240
267  245
267  247
267  248
267  249
268  69
268  93
268  145
268  146
268  155
268  160
268  162
268  167
268  189
268  191
268  208
268  215
268  248
269  69
269  94
269  144
269  146
269  155
269  160
269  162
269  167
269  189
269  191
269  208
269  213
269  248
270  68
270  95
270  143
270  147
270  154
270  160
270  162
270  167
270  189
270  190
270  209
270  212
270  248
271  68
271  96
271  142
271  147
271  154
271  160
271  162
271  167
271  189
271  190
271  209
271  211
271  248
271  250
272  68
272  97
272  141
272  148
272  154
272  160
272  162
272  167
272  189
272  192
272  210
272  248
272  251
273  68
273  98
273  140
273  148
273  154
273  159
273  162
273  167
273  189
273  193
273  211
273  249
273  252
274  68
274  99
274  139
274  148
274  154
274  159
274  162
274  168
274  189
274  193
274  211
274  249
274  252
275  68
275  100
275  138
275  148
275  154
275  159
275  163
275  168
275  190
275  193
275  212
275  250
275  251
276  68
276  101
276  137
276  148
276  154
276  159
276  163
276  169
276  191
276  193
276  213
276  250
276  251
277  68
277  102
277  136
277  137
277  148
277  154
277  160
277  163
277  169
277  191
277  194
277  213
277  250
277  251
278  68
278  103
278  136
278  148
278  154
278  161
278  163
278  169
278  191
278  194
278  213
278  250
278  251
279  68
279  104
279  135
279  148
279  153
279  162
279  163
279  169
279  185
279  192
279  194
279  213
279  250
279  251
280  69
280  106
280  134
280  148
280  153
280  162
280  164
280  170
280  184
280  192
280  194
280  211
280  216
280  249
280  251
281  69
281  107
281  133
281  148
281  153
281  162
281  164
281  171
281  182
281  192
281  194
281  210
281  217
281  249
281  250
282  69
282  108
282  132
282  148
282  153
282  166
282  171
282  182
282  192
282  210
282  218
282  239
282  242
282  249
282  250
283  69
283  109
283  131
283  147
283  153
283  167
283  172
283  182
283  192
283  211
283  219
283  237
283  244
283  248
283  250
284  69
284  111
284  130
284  147
284  153
284  168
284  172
284  182
284  187
284  189
284  192
284  211
284  220
284  235
284  245
284  248
284  250
285  69
285  112
285  129
285  146
285  153
285  169
285  173
285  182
285  187
285  192
285  210
285  214
285  218
285  234
285  246
285  248
285  250
286  69
286  113
286  126
286  129
286  146
286  153
286  170
286  174
286  183
286  186
286  194
286  208
286  215
286  216
286  234
286  246
286  248
286  250
287  69
287  114
287  124
287  128
287  146
287  152
287  170
287  175
287  183
287  186
287  195
287  208
287  211
287  216
287  234
287  246
287  248
287  250
288  69
288  115
288  127
288  145
288  152
288  156
288  161
288  164
288  167
288  170
288  176
288  183
288  186
288  196
288  209
288  210
288  217
288  234
288  245
288  248
288  251
289  69
289  116
289  124
289  145
289  152
289  154
289  163
289  164
289  167
289  171
289  177
289  181
289  183
289  186
289  200
289  208
289  210
289  218
289  229
289  231
289  234
289  245
289  247
289  251
290  69
290  117
290  123
290  144
290  152
290  153
290  164
290  165
290  168
290  171
290  178
290  181
290  183
290  186
290  202
290  204
290  210
290  220
290  228
290  232
290  234
290  245
290  251
291  69
291  86
291  90
291  117
291  122
291  143
291  152
291  164
291  169
291  171
291  182
291  185
291  210
291  222
291  228
291  233
291  234
291  245
291  251
292  69
292  85
292  92
292  118
292  122
292  143
292  152
292  164
292  168
292  172
292  181
292  185
292  210
292  222
292  228
292  233
292  235
292  245
292  252
293  69
293  85
293  94
293  119
293  121
293  142
293  152
293  163
293  173
293  181
293  185
293  211
293  222
293  228
293  234
293  235
293  245
293  253
294  70
294  85
294  96
294  142
294  152
294  162
294  173
294  178
294  182
294  184
294  211
294  223
294  227
294  235
294  245
295  70
295  86
295  97
295  141
295  152
295  162
295  171
295  180
295  212
295  224
295  226
295  236
295  245
296  70
296  87
296  98
296  140
296  153
296  162
296  170
296  180
296  212
296  225
296  236
296  246
297  70
297  87
297  99
297  139
297  153
297  159
297  165
297  168
297  170
297  179
297  212
297  225
297  236
297  246
297  247
298  70
298  88
298  100
298  138
298  152
298  154
298  156
298  170
298  179
298  213
298  226
298  236
298  240
298  245
298  248
299  71
299  89
299  101
299  137
299  151
299  154
299  158
299  165
299  169
299  171
299  174
299  180
299  213
299  226
299  236
299  244
299  249
299  254
300  71
300  90
300  102
300  137
300  150
300  153
300  156
300  166
300  168
300  170
300  177
300  181
300  214
300  227
300  235
300  244
300  251
300  254
301  71
301  91
301  103
301  136
301  149
301  151
301  154
301  156
301  159
301  163
301  167
301  168
301  169
301  172
301  176
301  180
301  182
301  214
301  228
301  235
301  244
301  251
302  71
302  93
302  104
302  135
302  149
302  150
302  152
302  157
302  158
302  162
302  164
302  168
302  179
302  181
302  182
302  215
302  228
302  236
302  242
302  251
303  72
303  94
303  105
303  134
303  149
303  150
303  151
303  153
303  156
303  158
303  161
303  164
303  166
303  178
303  181
303  182
303  193
303  215
303  228
303  236
303  242
303  252
304  72
304  95
304  105
304  133
304  149
304  154
304  158
304  160
304  165
304  177
304  180
304  182
304  198
304  216
304  228
304  236
304  241
304  252
305  73
305  96
305  106
305  131
305  149
305  153
305  157
305  159
305  164
305  176
305  178
305  182
305  199
305  216
305  228
305  237
305  241
306  73
306  96
306  107
306  130
306  149
306  153
306  156
306  158
306  163
306  175
306  177
306  181
306  199
306  200
306  217
306  227
306  237
306  241
307  74
307  75
307  78
307  97
307  108
307  129
307  148
307  152
307  156
307  157
307  160
307  163
307  175
307  176
307  180
307  198
307  201
307  218
307  227
307  238
307  241
308  79
308  98
308  109
308  128
308  148
308  152
308  155
308  157
308  159
308  162
308  174
308  176
308  180
308  197
308  202
308  219
308  227
308  238
308  241
309  81
309  98
309  111
309  126
309  148
309  152
309  155
309  157
309  158
309  161
309  173
309  175
309  179
309  196
309  202
309  220
309  228
309  238
309  242
310  82
310  99
310  113
310  124
310  148
310  152
310  154
310  157
310  158
310  161
310  171
310  174
310  178
310  195
310  203
310  221
310  230
310  238
310  241
310  243
311  83
311  99
311  117
311  121
311  148
311  152
311  154
311  156
311  158
311  160
311  168
311  172
311  177
311  194
311  203
311  222
311  231
311  238
311  240
311  245
312  84
312  99
312  148
312  152
312  154
312  156
312  158
312  161
312  167
312  169
312  175
312  194
312  203
312  223
312  231
312  238
312  239
312  249
313  84
313  100
313  148
313  152
313  155
313  156
313  158
313  168
313  174
313  193
313  203
313  225
313  230
313  234
313  238
313  247
314  84
314  100
314  135
314  138
314  141
314  148
314  152
314  155
314  157
314  159
314  161
314  165
314  168
314  173
314  177
314  192
314  201
314  203
314  224
314  228
314  230
314  238
314  241
314  244
314  246
315  84
315  100
315  134
315  138
315  142
315  148
315  152
315  155
315  157
315  172
315  179
315  191
315  198
315  203
315  223
315  226
315  232
315  238
315  242
315  246
316  84
316  100
316  133
316  138
316  143
316  148
316  153
316  156
316  158
316  171
316  179
316  180
316  190
316  195
316  203
316  222
316  225
316  227
316  236
316  238
316  242
316  246
317  83
317  100
317  132
317  138
317  144
317  149
317  153
317  157
317  159
317  170
317  177
317  181
317  190
317  192
317  204
317  221
317  226
317  232
317  240
317  242
317  246
318  83
318  100
318  131
318  139
318  145
318  149
318  153
318  157
318  163
318  169
318  175
318  182
318  190
318  204
318  220
318  227
318  235
318  240
318  246
319  82
319  100
319  130
319  139
319  146
319  149
319  154
319  158
319  164
319  168
319  174
319  183
319  190
319  204
319  219
319  228
319  240
319  246
320  82
320  100
320  129
320  139
320  146
320  150
320  155
320  160
320  173
320  184
320  189
320  204
320  218
320  228
320  235
320  237
320  248
321  81
321  99
321  128
321  139
321  147
321  150
321  157
321  160
321  172
321  183
321  189
321  204
321  213
321  215
321  217
321  219
321  221
321  228
321  236
321  240
321  250
322  81
322  99
322  126
322  139
322  147
322  151
322  157
322  164
322  169
322  181
322  189
322  203
322  212
322  215
322  216
322  220
322  222
322  229
322  235
322  242
322  252
323  81
323  99
323  123
323  139
323  148
323  152
323  157
323  165
323  167
323  180
323  188
323  202
323  211
323  215
323  216
323  221
323  223
323  242
323  253
324  82
324  99
324  119
324  139
324  148
324  152
324  159
324  166
324  179
324  188
324  202
324  209
324  214
324  217
324  222
324  223
324  225
324  226
324  243
325  82
325  99
325  116
325  139
325  149
325  153
325  162
325  165
325  178
325  187
325  202
325  207
325  214
325  217
325  225
325  227
325  243
326  82
326  99
326  113
326  140
326  149
326  154
326  164
326  178
326  186
326  202
326  207
326  213
326  218
326  225
326  227
326  244
327  82
327  99
327  111
327  140
327  150
327  155
327  163
327  177
327  185
327  201
327  208
327  213
327  218
327  225
327  227
327  249
328  82
328  100
328  109
328  140
328  150
328  156
328  162
328  176
328  184
328  201
328  208
328  213
328  218
328  226
328  227
329  82
329  100
329  108
329  140
329  151
329  157
329  161
329  175
329  183
329  201
329  208
329  213
329  219
329  226
329  228
330  82
330  101
330  106
330  140
330  152
330  158
330  160
330  173
330  182
330  200
330  208
330  213
330  219
330  226
330  228
331  83
331  102
331  105
331  140
331  152
331  159
331  171
331  181
331  199
331  207
331  213
331  220
331  226
331  228
332  83
332  140
332  153
332  160
332  170
332  180
332  199
332  207
332  214
332  216
332  219
332  223
332  226
332  228
333  83
333  141
333  154
333  162
333  167
333  178
333  199
333  208
333  215
333  216
333  222
333  224
333  226
333  228
334  84
334  141
334  154
334  177
334  199
334  209
334  223
334  225
334  226
334  229
335  84
335  141
335  155
335  176
335  198
335  210
335  224
335  225
335  227
335  229
336  85
336  141
336  156
336  175
336  197
336  210
336  224
336  227
336  229
337  85
337  141
337  157
337  174
337  197
337  210
337  225
337  228
337  230
338  86
338  141
338  158
338  172
338  196
338  210
338  226
338  228
338  230
339  86
339  141
339  159
339  170
339  196
339  210
339  231
340  87
340  141
340  160
340  167
340  170
340  196
340  210
340  232
340  237
340  238
341  87
341  142
341  162
341  165
341  171
341  195
341  210
341  234
341  235
341  240
342  88
342  142
342  172
342  194
342  210
342  235
342  238
342  239
342  241
343  88
343  142
343  173
343  194
343  212
343  236
343  238
344  89
344  142
344  173
344  193
344  213
344  241
345  90
345  142
345  174
345  192
345  213
345  242
346  91
346  142
346  175
346  191
346  214
346  243
347  92
347  124
347  126
347  142
347  176
347  191
347  215
348  93
348  123
348  127
348  143
348  176
348  190
348  216
349  94
349  123
349  128
349  143
349  177
349  189
349  216
350  95
350  123
350  129
350  143
350  178
350  188
350  217
351  97
351  122
351  129
351  143
351  179
351  187
351  218
352  99
352  121
352  130
352  143
352  179
352  186
352  220
353  101
353  121
353  131
353  143
353  180
353  185
353  221
354  103
354  120
354  133
354  143
354  181
354  184
354  222
354  251
355  105
355  119
355  134
355  143
355  182
355  183
355  224
355  250
356  136
356  144
356  182
356  225
356  235
356  242
356  249
356  254
357  138
357  144
357  181
357  227
357  235
357  243
357  247
357  254
358  142
358  144
358  180
358  228
358  234
358  244
358  252
359  143
359  144
359  179
359  229
359  231
359  233
359  234
359  241
359  251
360  145
360  178
360  231
360  249
361  148
361  176
361  234
361  248
362  150
362  175
362  236
362  246
363  152
363  174
364  154
364  172
365  158
365  170
